3657744
3967933
3810180
3674072
3934176
4396855
3501759
3718634
4245773
4251901
3191056
3545739
4326570
3929086
4165818
3514738
3225125
4068146
3891041
3343660
3742150
4306451
3255975
4207587
4291483
3860264
3815462
4207613
3868751
2644779
3898697
4151233
3391148
3432468
3989637
3771941
4028335
3168292
2964170
3638740
4342580
4237968
4003245
3930140
3951661
4028334
3842116
4263397
4256268
4091171
3261796
3724655
2996328
2995477
3525937
2857048
2693257
2649444
3606846
3021422
3440303
3504786
4101654
4327810
3965854
3715890
4407985
3266119
3131951
3959213
3303169
3815462
4358942
3495824
3493942
3303169
3966700
4358942
3928303
2043574
2268441
4006364
3503121
3566086
3927701
2225441
3166176
4301465
3166205
3171218
3759662
4120929
2630187
4415854
3757464
3143657
4208311
2906272
2570563
4335018
3887292
3887292
3693723
2666338
3157931
3856926
3232917
2570563
4101654
2661383
2782016
3959213
3495824
3959213
2782016
3438489
2818939
3293563
3128523
3890342
3882385
3319210
3760650
3317424
4338613
3039439
3601070
3070171
3004520
2626768
3719168
4155084
4356292
3455112
3740885
3564540
2982088
3610733
3478317
3416298
4012432
4431651
3532957
4172815
4281566
4358942
2626583
2966438
3877418
3169705
3536306
3916565
4028335
3212581
3607480
4396475
2861590
3704647
3542217
3613228
3070934
2778378
3674374
4202148
4289676
2919729
3567652
3091214
4305303
3545739
4467611
3856354
3409529
4333728
4110315
2801265
4182568
3990284
3430190
4061289
3503121
4020762
2999557
2938116
2938116
2938116
4001542
3086825
3119113
4256660
2808229
4216758
3710273
2982839
4046130
3013460
3789260
3070171
3384585
4198130
4175592
3169705
4253085
3538537
3277568
4265676
4265676
4265676
4208311
2790489
4333408
3911877
3882430
2911442
4107794
3220560
3277150
3185288
3868828
2925178
2842079
3063987
3811689
2736765
3826988
2876666
3521872
4180972
3594269
4197299
2634581
3443203
4289688
3420923
3577914
3070171
4400591
3390616
3675082
3277309
3702553
2868102
4301905
4425209
3950670
3435160
3179679
2837561
1847538
86364
3457524
1360746
3063899
3486851
3202060
1878533
1698853
1838939
4457145
3745340
3486188
4440256
3800255
3898720
3394196
3360153
3553358
3128263
2680794
3497721
3082102
2834428
2892039
2894542
2742816
4492579
4373846
4459853
4237367
4092133
4057329
3958035
3929804
3922431
3774681
3544533
3777822
3583603
4446437
4358990
2994281
2881182
4191404
4122690
4091166
3950685
3925662
3764211
3779454
3624248
3671897
2496914
2819721
2447121
3475253
3479056
3389366
3677782
3139730
3165917
3069454
3069838
2785605
2529171
2435131
1479752
2268762
105383
4246423
3887880
3179679
3533266
4484473
4150021
3533558
3384323
4286527
3770751
3378637
3713036
2593380
3493523
3185005
2817606
2792317
4112974
3790816
3908723
3486188
3099214
3111079
3916569
3223176
3978139
2861799
1878533
4331492
3868635
4385846
3749168
4415805
4162811
3745340
3753854
3965577
3466527
3436557
2772748
3118616
2864384
3078463
3970000
2661383
2265460
2892039
3111074
3820501
3753900
3457545
3436323
3394196
3360153
2265459
3247249
2971656
1838939
1589988
4520080
4286527
4396815
4382163
4319409
4242664
4472123
4037447
4412354
3920935
3799495
3610650
3408231
4148307
4047720
3958035
3044001
2980301
3977965
3575511
2847224
2667565
3540187
3895461
3219119
3149693
3268651
3029248
3003089
2978113
2877941
2761525
2673882
2593390
1847637
1952077
1636770
1698853
4175044
3432017
3064173
3524212
3466527
3047617
1489139
4040669
3204889
3047618
2803710
3139730
3104066
3020781
2570981
2613192
1868302
2362032
1592699
3486188
3082102
3174936
3492862
4319742
3184960
2789606
2908686
3290667
4258601
3634333
2885207
3965577
1698853
3139730
4297409
3931486
3289941
1641760
3823710
3402428
3934958
2696753
3044001
4331492
4159437
4436181
3522594
1838939
3488144
2864384
4457145
2894542
4175044
3970000
3903483
3436323
3077588
3978139
2861799
3189708
1489139
3832366
3738548
3706586
3538329
3469533
4286527
3425315
4024011
3892793
4238297
1820491
2773926
300692
1641760
3118616
3708553
4399559
4201554
3094047
4062826
3311476
4162811
4465903
3820501
3460432
3336817
3189708
4383004
4234625
4226759
4071063
3936330
3041167
2873931
4121533
4443692
3843049
3632086
4467814
3435204
4373426
3219119
3149693
3157593
3051044
2169056
3045002
3300025
4310356
3867438
2366864
4263145
4123088
2846696
4431712
4346631
3828400
3084761
2881746
3867438
2366864
3828400
4089950
3030558
2846696
2843509
3409181
4081103
4011338
3683358
3898496
3762724
3725614
3527616
2911442
2916509
2837937
3495826
3458556
3315096
1933317
4352190
4207825
4463759
3493458
3675082
3734090
2941563
2916509
4284564
4301101
3989616
3782557
3165833
2951379
2666264
3959209
4207825
3676478
100332
3762724
3906246
3533534
3795424
3247249
3323137
3598699
3157931
3800029
3384585
2654732
2366192
3707623
3407551
3669410
3528700
3418292
3888261
2665742
3549616
4433186
3758371
3486892
2716543
4500572
3382163
3869885
2709562
4020497
3421071
3869885
4084646
4246423
3245908
3150972
3199117
4423928
3893444
3661758
3869885
3967971
3858460
2555962
2588654
3826580
3781472
3472140
2566800
3091189
2537465
3457164
2268394
3524221
4243249
3173199
3755957
3836817
4157997
2375970
3421071
3595374
3493458
3554130
3412140
3311328
3110000
4035540
3790240
3737553
3437598
3355131
3974337
3345287
3710700
2919743
2781439
3995427
3517484
3616535
3309851
4065617
3372495
3927637
3638241
3767545
4365929
3906772
2778098
3717962
4346799
3461510
3533247
3992080
2838062
4170613
2980758
3374787
3004410
4002777
2921914
3737553
2807353
3734847
2675057
3701717
4277293
3916163
4043770
3061485
2859527
3064173
4263271
3630291
3536799
3730383
3708521
3039738
4319413
4007450
4333403
3039731
3127220
3168292
4260726
4248894
4199285
4091146
4033348
3869748
3929348
3717962
2785600
4203518
4455096
4403807
4129036
4203520
4024763
3900699
4091148
3888381
3858825
3944051
3812963
3824535
3704647
3677867
4026027
3672298
3646859
3563717
3496171
3554338
3473099
3468192
3335795
3322320
3337840
3242797
3218593
3171170
3191057
3154577
3017099
2867023
4511870
4489826
4482621
4324942
4321179
2789206
2736622
4266717
4237265
4200525
4364035
4101640
4203547
4012080
4002107
4049310
4091154
3898616
3855433
3851543
3790699
3791395
4040417
3827746
3883106
3713089
3590253
3583507
3553808
3536306
3522772
3494590
3443203
3408141
3320995
3283994
3336076
3244407
3189397
3133392
3376651
3119109
3044945
2923153
2893813
2861590
2635566
4135551
3594269
3128968
4503354
3593849
2940767
2559905
3974872
4026167
3945350
2860852
3660244
4298698
3798816
3548460
3165108
3013460
3208294
3548460
3014182
3388238
3541286
3166905
4201982
3854994
2876889
3585007
2785695
2754832
3590258
3959209
3627664
3382100
3749547
3212581
4414167
4038485
4091153
3928135
3313794
4208311
3113480
3039730
4446103
4210174
3039478
2964996
3654832
2848616
2874891
3864973
3784407
3609765
3606282
4167386
2736014
3462036
3613228
2265142
3213186
3143657
3060499
2808238
2687347
3795685
3495824
2962423
3454427
3916648
3596315
3215571
4077738
3507544
3191911
4471625
2670686
3576093
3039738
4101040
3294245
2644288
4161976
4401084
3409181
4223762
3593149
3660859
4037447
3135248
4157997
3595374
3756931
3232920
3630356
3504770
3833203
3950667
3674807
4065024
3293528
3872319
3359489
3847773
3799459
3293528
3359489
3359489
2517430
2169398
3051419
4257137
3702553
3436557
3871433
2906272
4180972
3898310
3521872
3850094
3791168
2897638
2265459
2772748
4142394
2930684
3343333
2894262
3683358
4364828
3898496
3809393
4051222
3082192
2933890
3664778
3521872
3734090
4506989
4414156
4352707
4233241
4207795
4148217
3903714
3636043
3775478
3537868
3406671
2912507
2777109
4500203
4492822
4309669
4263978
4123100
3945288
3964074
3859423
3997348
3829164
3825806
3628087
3587829
3616199
3897332
3526275
3771704
3355317
3717580
3195557
3180193
3102740
3058574
3818087
3641391
2857113
2738698
2535567
4333403
4047874
4019039
4090717
3961441
3660529
3445322
3595480
2612481
3498264
4310356
2265459
2859527
2930684
3828400
4083087
2846696
2797294
2916509
3624244
2265460
3791168
3674073
3695522
4203581
2659780
2949721
3352990
2876946
3401127
3791168
4463759
3245931
2585561
2809579
3135412
4207825
4019039
3683358
3394717
3714011
3156658
3552920
3907483
3701700
3261689
3744763
2836070
2760152
3432017
3712708
3204077
4175044
3929348
3480262
3810090
3730024
3566818
2965681
3809842
3972900
3848446
3786466
3425586
3196046
3014402
2719665
3308777
2772748
3204077
3828400
3190818
2846696
2685506
3099214
2886188
3111079
4301845
2660171
2312351
4511492
2864384
3078463
3522594
2881746
2661383
3111074
2265459
4142394
3970000
3903483
3336817
1589988
4421852
4106885
3763764
3715890
4031686
3413112
2836037
4123079
3895487
3895861
3977965
3625980
3617005
4156020
3220686
3284164
3020074
2773926
2570255
1636770
3013444
3650004
4043842
3135843
4443093
2772748
2859527
4113187
3753900
3388238
2971656
4451419
4187738
4105133
3064173
3481313
3266244
3319210
4396471
4083087
3800005
3382938
3294216
2997630
3032335
2586263
4264765
4235163
3900020
3715466
4321689
3285680
3286647
3233830
3202343
3141908
3069454
2947291
2822559
2597730
2842513
3622233
2804813
3088601
2863743
3699820
3231776
4502243
3897490
4336944
3282067
3170529
3838668
4111703
3170529
3429604
4180972
4395285
4322356
2997091
3784760
4346365
3694151
3972333
4066811
3616127
2945566
4031539
3814643
3157931
2844156
3164180
3365431
3327868
4437308
3192133
3615336
4093896
3554061
4111721
2945279
4040421
3239205
2820093
4210312
4210312
4309256
3926667
3795685
2730592
3744447
3087600
4343071
2803623
4006364
4399939
3695788
3795685
3495824
3624248
4311828
3751389
4009214
3137466
3800255
2579694
4510711
4386361
4431607
3177106
3950568
2438396
4330364
3434490
3630189
4467146
4109931
4348953
3470650
3692725
3760805
3720136
4013229
3567183
3542216
3368109
3578416
3990844
4376531
3503957
3269156
3349840
3100600
2791472
4081155
3947592
3273475
3268345
2846411
3953262
3859406
3343333
3748344
3185957
4404594
4472213
2984408
3800255
4309436
4187738
3982988
3533392
3592402
4420615
4380143
3934491
4128549
3710294
4342582
3594269
3888430
2781700
4101654
3613356
3221768
4375991
3366846
3503121
3292901
3065392
4340569
4357176
4166508
3576004
3521752
3958039
3962628
3734847
4467114
4272423
3937513
4398330
3906336
3075711
4406668
3089458
4410629
4389229
4265676
3999265
3292717
4506574
4283218
3441704
4149569
4359254
3810180
4415805
4376867
3206795
3651708
3009682
3940160
4284681
4115572
3343333
3979911
3412130
3907483
4423928
3343333
4364828
4490784
3084030
4196171
3568134
4175413
3954790
3938960
2879644
3679396
3567690
4368748
3891585
3533555
3074947
3011035
3583601
3280126
4368748
3810815
3627954
4374944
3841821
3831900
3781480
3386933
3021516
4125497
4491626
4260726
4248894
4091146
4033348
3749547
3708367
2785695
3984484
4091151
3590253
3554740
4008708
3457150
3950318
3811684
3674374
3563717
3322320
3327464
3473099
3336787
3642144
3994712
3427030
3983522
3748006
3243039
3854760
3887318
4117524
3923395
4232360
4086481
3039731
4456149
4283218
3637182
4007450
3246110
2857087
3315308
4235626
3963894
3680732
4218956
4233240
3742836
2200302
3703876
3340151
3925144
3302271
4202148
3953388
3289320
2840339
4149901
2850929
4074125
4449558
2874497
2643425
2906661
3790816
3920131
3620419
4281118
3535154
3332286
3236800
4062826
3738630
3129899
3487490
3281141
3960597
2938026
3446417
3496612
3250205
3482734
3792422
3798728
4008708
3195719
4008708
4091169
3713089
3599646
3505276
3742546
3209254
3647995
4247109
3537661
3430576
3838240
3869748
3210306
3210306
4101830
3109588
4086789
2830849
4128549
3427030
3428218
4467826
2943929
4467114
4096229
3919648
3286469
3669534
3935923
4199781
3959627
3993075
2897719
3602692
3822840
4436893
3752066
2877954
4149871
3315669
4243371
4516962
3565568
4486020
3289065
3926011
3764621
3643000
3755106
3298453
3190388
3911272
3285581
3197754
3590252
4491626
3779529
3482734
3861040
3159980
3653948
3157221
4256400
3372852
4102954
3772213
3756105
3868844
3967736
3039738
4137453
4000541
4083823
102144
3679457
2957473
423192
1618602
1800646
2063673
4013162
3040923
3737736
3914946
4410798
3951845
3904979
3310965
2727552
2825431
3715330
4274676
2776020
2584896
4185346
2553352
2929714
3845165
3479207
3663086
3718634
3786810
3834061
4412353
3686744
3800684
2391003
3954765
3785563
3210802
4491191
4119414
3546911
3188995
3637643
2943350
3038183
3869201
2699265
2100059
3147169
3719168
3556054
4449028
3427261
2658085
3968530
3298389
4476113
3469654
4201514
3112224
1851897
3681791
3376939
4349543
2570497
1851897
4307414
2583145
3784542
2918442
4042620
3204848
3085603
2732344
3175949
1474739
3998911
3724919
3278817
3038569
3038569
3177171
2697059
2823949
4060187
3359616
3841454
3228557
3190832
2817453
3209968
3954765
4504454
3505755
3458550
3688743
3602771
3839922
4058883
3123810
2806106
4464597
4417220
4267627
4184026
4064015
3510526
3337841
3284427
3093395
2949394
3563983
3623790
4198028
2708706
2599952
3507171
3147796
2975627
3585486
4483168
3759350
2758136
3376651
3546907
2833010
1693553
3538654
3127548
3699467
3395064
4220036
3237020
3909683
3117706
4294362
3648072
3931310
3278673
3951102
3974662
3989637
4467611
3495824
3937318
2902627
4346365
3644273
3151477
3717591
3378260
3798784
3819396
3965854
2830705
3327359
2745258
3488144
3909683
3914967
4081919
3293563
3272983
4492094
2576083
2265460
2772748
2859527
3656605
3832366
3661001
3028904
4456509
3174936
4238297
2742335
2673311
3070171
4347662
2071925
3598917
2575916
1224665
3139003
2627924
3276468
4228265
2794535
2665252
4109758
3624358
3380187
4109762
3927476
3646458
3940160
3438956
2444006
3708367
4005305
3491822
4307187
4058878
3863899
3598917
3595217
2918449
2943552
2874519
3255460
4109758
4356441
4517437
3996726
3871289
3720686
3706843
3649972
3940160
3540673
3292454
3851566
3939451
3598676
3607615
2764346
2794535
3325953
3916163
2662558
3355564
3276468
2200302
3293702
3139003
4058878
3572687
4356441
3871289
3694867
3940160
3540673
3504304
4109762
3262050
3886666
3292313
2771933
3571345
3141076
3075668
2491342
4153836
3648076
3507999
3219956
2919144
2719326
3402328
3744532
4228265
3940160
2910786
3272983
3688743
4409287
3736870
3918123
3877006
3937144
2729921
2964972
3283988
86321
3215966
4140706
4048968
3959879
3937613
3725683
3305356
4161520
3606336
2643759
3074444
4406668
3898310
1952115
4054410
3283988
4453164
3549973
4243337
3419192
3287415
3817177
4437443
4459821
4510650
4496203
4272984
4071961
3829869
3708565
3709786
3651795
3636889
3471242
3583635
3389699
3057977
2875381
2936921
2847084
2806013
2643030
2748652
3463635
4295559
3076263
2043510
4491626
3459952
3094047
3927701
3675196
3861638
3713089
3590253
3226940
4343071
3359169
4170615
3444994
2888702
3503121
2936539
3829606
3666947
4140446
3712708
3957548
3329559
4109002
3895742
4001542
3754020
3334270
3717479
4109931
4199747
3701192
4108350
4429235
2867210
4248715
3753854
4491626
3877418
4110292
3916565
3631456
3406086
3127049
3218672
4125497
2678926
3648072
3838240
4460991
3607480
2664399
4455107
4123064
4125614
4194122
3918123
3780874
3552881
3756473
3405839
3225892
3186849
3069902
2913362
2876889
4279221
4267857
3996209
3812963
3919011
4225710
3713426
3656320
3669180
3542217
3640456
3466965
3427258
3405840
3072416
3070934
2749879
3288025
2748899
4005305
3384323
4403446
2827615
2704748
3365040
2749137
3669380
3851837
3613577
4403446
3888063
4359743
4072801
2966819
3575707
3333888
2983070
2826220
3806657
4091656
3809587
3063137
4415120
4310737
4107780
4485122
3817945
4457783
4018781
3434831
3563328
3689762
3615050
3257422
3641535
3157546
3422324
3465693
3315812
3262054
2953438
2730402
2670573
3820792
2895430
3718976
3630357
3243611
2814340
3797059
3789260
4363627
3946352
3315325
3001086
2834978
4338613
3983605
3237556
3234853
3110833
2719820
3699284
3488049
4362266
3447182
3786955
3374053
4301596
4244012
4069318
3914967
3800573
3997078
2781019
3806657
3063137
4294672
4513386
3729834
3293702
4244114
4084681
3943942
3943515
3724720
3422364
2743173
2586976
4489192
4376648
4026158
3412267
3367446
3389428
3296622
3852687
3053207
2974851
2856010
3926011
4126806
3787872
2824778
3446417
3184947
4476113
3024449
4412825
3606524
3351119
3323669
3186945
3737431
3852912
3381158
3769341
4491700
2860435
4482699
3955150
4027216
3075711
3703876
3896966
3342291
4357437
3917515
3501226
4102645
3729834
4200111
3138193
2830116
3409181
3113504
3338762
3166200
2527030
2927356
2863546
4172755
3633462
3442881
3524213
3047617
3674064
3587449
3478311
3383590
3466551
3442913
3404881
3383589
3335944
3335942
4455096
3616528
4025103
3812500
4494573
3719445
4443312
3422893
3335833
3195727
3581546
3644020
4203217
4363627
3587711
3616286
4198514
3392100
4116696
3180377
3478310
3447182
4393420
3752066
3812500
3377717
2877954
3752066
3377717
3861671
4126864
3960630
3412647
3173087
3737553
3576514
3089476
4277956
3862182
4357706
3762824
3112105
3932028
3084030
3689899
3596335
3638535
3880105
3324657
4407839
3828467
3422511
3778541
3486028
3299754
2993594
4455096
4462110
4423928
4125497
3956353
4357709
3928599
3943677
4460235
3863484
3863484
3956987
3998104
3266119
3347399
3337830
3755012
4029007
3916859
3302303
4303136
4233243
4108417
3581512
3375072
4480431
2991414
4081546
4439739
3639206
4498307
3166312
3677907
4440045
4456446
3798265
4410095
4116160
3874756
3133379
3147807
3805583
3300025
4470283
4239070
3731452
3918492
3431547
3557142
3527521
4510454
3255880
4255684
3949089
3394717
4115021
4336944
3814643
3155159
3508168
3323137
3461645
4216758
3532995
3139652
3570017
3203117
3204848
4374683
3587420
3757158
3862638
3841215
3669534
4075045
4108350
4208823
3266244
3225670
3757329
3655022
3871025
4124813
3892109
3841823
4514787
4514787
4112567
3594269
3722184
3925442
3748006
3594269
3701717
4139209
3540191
3859447
4083118
3962622
4273636
4174134
3599646
4267273
3419516
3817469
4128259
3958043
3693723
4454303
3737431
4267273
3551758
4491626
3470650
3775246
3376394
4123937
3947015
4299950
3136460
3530122
3205834
4300741
3947329
4072957
4199285
3701717
3832612
4246512
3607775
4380339
4148109
4418480
4137742
4251901
4001542
3790282
3656466
4299950
3699284
3624248
4316172
3624246
3575641
4333728
4311982
3508168
4208762
3586502
3761944
3677260
4227785
3624201
3482734
3637871
4164753
3635868
3857942
3728175
4452480
3587420
3926067
3904915
3587420
3639420
4016303
3698550
3655051
3972333
3412647
4263144
3485001
3721393
3730774
3770080
4176713
4185229
3561928
3939688
4184561
4128886
3883580
3784542
3432760
3814643
4012842
3934738
3642144
3777655
3820260
3688947
3698550
4452480
3856354
4348941
3495820
3433907
4518626
4359269
3698141
4025946
4346365
4246512
3728309
3951379
4389095
4448211
4128654
3888131
4396470
4299950
4101654
4467410
3620385
4051973
4038460
4028334
4511861
4348963
3964220
4099474
3480262
4225581
3750045
4207615
4459834
4050724
4359254
3495824
3555701
3795685
4323648
3551994
4224387
3757225
3763966
3918123
4403723
3740885
4315491
4101344
3991970
4265552
3792152
4378427
4104338
4215718
3828591
3911272
4336750
3774280
4152239
4455346
3859447
4264955
3608734
4129406
4245773
3846766
3882728
4495043
3420923
3982494
3799562
4238949
3926169
4346612
4265552
4040313
3769341
4507110
4022470
4037724
3814643
3912487
3491822
4060384
4276330
3919756
4440517
4059941
4108398
4403446
3690767
3540133
3701717
4507218
4065222
4503875
4016599
4448211
3892109
4425055
4405579
4471760
4366239
4119353
4391502
4116695
4380143
4199747
4335386
3959213
4406435
4099093
4499230
4140809
4418834
4494142
4326906
3053207
2868487
3582816
3513274
1857162
4300488
4300488
3235484
3782447
3605644
3382843
3062332
3394192
2643806
1933521
3602692
2785326
3582816
3062332
2643806
3557142
2708169
2574842
2967504
2685841
2725321
3582816
3289711
3939688